100 512 0 0 0
104 24 0 0 0
108 22 0 0
112 236 0 0 0
116 252 0 0 0
120 0 0 0 0
124 0 0 0 0
128 0 0 0 0
132 0 0 0 0
136 0 0 0 0
140 0 0 0 0
144 0 0 0 0
148 0 0 0 0
152 0 0 0 0
156 0 0 0 0
160 0 0 0 0
164 0 0 0 0
168 0 0 0 0
172 0 0 0 0
176 0 0 0 0
180 0 0 0 0
184 0 0 0 0
188 0 0 0 0
192 0 0 0 0
196 0 0 0 0
200 ADDI X0, XZR, #100
204 LDUR X9, [X0, #0]
208 ADDI X0, X0, #4
212 LDUR X10, [X0, #4]
216 ADD X9, X9, X10
220 B #4 0 0
224 0 0 0 0
228 ADDI X0, XZR, #100
232 0 0 0 0
236 STUR X9, [X0, #8]
240 SUB X9, X9, x9
244 CBZ X9 #5 0
248 0 0 0 0
252 0 0 0 0
256 ADDI X0, XZR, #100
260 0 0 0 0
264 ADD X9, X9, X10
268 0 0 0 0
272 0 0 0 0
276 0 0 0 0
280 0 0 0 0
284 0 0 0 0
288 0 0 0 0
292 0 0 0 0
296 0 0 0 0