100 506 0 0 0
104 22 0 0 0
108 24 0 0 0
112 236 0 0 0
116 252 0 0 0
120 0 0 0 0
124 0 0 0 0
128 0 0 0 0
132 0 0 0 0
136 0 0 0 0
140 0 0 0 0
144 0 0 0 0
148 0 0 0 0
152 0 0 0 0
156 0 0 0 0
160 0 0 0 0
164 0 0 0 0
168 0 0 0 0
172 0 0 0 0
176 0 0 0 0
180 0 0 0 0
184 0 0 0 0
188 0 0 0 0
192 0 0 0 0
196 0 0 0 0
200 ADDI X0, X0, #100
204 LDUR X9, [X0, #0]
208 LDUR X10, [X0, #4]
212 ADDI X1, X0, #116
216 SUB X9, X9, X10
220 CBZ X9, #2
224 BR X1 0 0
228 ADD X1, X0, X10
232 ADDI X9, X9, #3
236 BL #5 0 0
240 ADD X10, X10, X9
244 B #1 0 0
248 BR XZR 0 0
252 0 0 0 0
256 SUBI X28, X28, #8
260 STUR X9, [X28, #8]
264 STUR X10, [X28, #0]
268 ADD X9, X0, X0
272 ADD X10, X0, X1
276 SUB X19, X10, X9
280 ADDI X10, X10, #62
284 SUBI X19, X19, #1
288 CBZ X19, #2
292 BR X10 0 0
296 LDUR X9, [X28, #8]
300 LDUR X10, [X28, #0]
304 ADDI X28, X28, #8
308 BR X30 0 0
312 0 0 0 0
316 0 0 0 0
320 0 0 0 0
324 0 0 0 0
328 0 0 0 0
332 0 0 0 0
336 0 0 0 0
340 0 0 0 0
344 0 0 0 0
348 0 0 0 0
352 0 0 0 0
356 0 0 0 0
360 0 0 0 0
364 0 0 0 0
368 0 0 0 0
372 0 0 0 0
376 0 0 0 0
380 0 0 0 0
384 0 0 0 0
388 0 0 0 0
392 0 0 0 0
396 0 0 0 0
400 0 0 0 0
404 0 0 0 0
408 0 0 0 0
412 0 0 0 0
416 0 0 0 0
420 0 0 0 0
424 0 0 0 0
428 0 0 0 0
432 0 0 0 0
436 0 0 0 0
440 0 0 0 0
444 0 0 0 0
448 0 0 0 0
452 0 0 0 0
456 0 0 0 0
460 0 0 0 0
464 0 0 0 0
468 0 0 0 0
472 0 0 0 0
476 0 0 0 0
480 0 0 0 0
484 0 0 0 0
488 0 0 0 0
492 0 0 0 0
496 0 0 0 0
500 0 0 0 0
504 0 0 0 0
508 0 0 0 0
512 0 0 0 0
516 0 0 0 0
520 0 0 0 0
524 0 0 0 0
528 0 0 0 0
532 0 0 0 0
536 0 0 0 0
540 0 0 0 0
544 0 0 0 0
548 0 0 0 0
552 0 0 0 0
556 0 0 0 0
560 0 0 0 0
564 0 0 0 0
568 0 0 0 0
572 0 0 0 0
576 0 0 0 0
580 0 0 0 0
584 0 0 0 0
588 0 0 0 0
592 0 0 0 0
596 0 0 0 0
600 0 0 0 0
604 0 0 0 0
608 0 0 0 0
612 0 0 0 0
616 0 0 0 0
620 0 0 0 0
624 0 0 0 0
628 0 0 0 0
632 0 0 0 0
636 0 0 0 0
640 0 0 0 0
644 0 0 0 0
648 0 0 0 0
652 0 0 0 0
656 0 0 0 0
660 0 0 0 0
664 0 0 0 0
668 0 0 0 0
672 0 0 0 0
676 0 0 0 0
680 0 0 0 0
684 0 0 0 0
688 0 0 0 0
692 0 0 0 0
696 0 0 0 0
700 0 0 0 0
704 0 0 0 0
708 0 0 0 0
712 0 0 0 0
716 0 0 0 0
720 0 0 0 0
724 0 0 0 0
728 0 0 0 0
732 0 0 0 0
736 0 0 0 0
740 0 0 0 0
744 0 0 0 0
748 0 0 0 0
752 0 0 0 0
756 0 0 0 0
760 0 0 0 0
764 0 0 0 0
768 0 0 0 0
772 0 0 0 0
776 0 0 0 0
780 0 0 0 0
784 0 0 0 0
788 0 0 0 0
792 0 0 0 0
796 0 0 0 0
800 0 0 0 0
804 0 0 0 0
808 0 0 0 0
812 0 0 0 0
816 0 0 0 0
820 0 0 0 0
824 0 0 0 0
828 0 0 0 0
832 0 0 0 0
836 0 0 0 0
840 0 0 0 0
844 0 0 0 0
848 0 0 0 0
852 0 0 0 0
856 0 0 0 0
860 0 0 0 0
864 0 0 0 0
868 0 0 0 0
872 0 0 0 0
876 0 0 0 0
880 0 0 0 0
884 0 0 0 0
888 0 0 0 0
892 0 0 0 0
896 0 0 0 0
900 0 0 0 0